178									
164									
178									
190									
177									
166									
195									
153									
174									
188									
168									
174									
165									
175									
149									
172									
159									
175									
177									
170									
161									
187					 				
168									
197									
183									
178								
181								
194								
170								
179								
162								
170								
180								
179								
186								
176								
160								
156								
180								
158								
191								
179								
166								
161								
158								
174								
162								
154								
183   								
192
189
185
187
175
176
180
185
166
172
161
195
164
173
186
189
188
195
171
172
182
194
201
163
185
164
177
180
165
172
167
165
202
168
166
196
160
156
167
173
155
167
183
165
164
171
182
187
179
165
176
169
155
160
152
171
187
168
158
177
175
177
167
208
196
165
189
195
177
156
155
186   
173
185
156
174
178
174
173
164
190
170
169
176
186
175
158
179
176
173
173
208
197
164
163
163   
190
152
165
195
160
165
171
191
170
168
163
170
166
169
166
175
186
188
155
163
177
187
174
154   
176
187
178
177
166
208
167
180
163
153
167
172
171
188
173
166
179
212
179
213
198
164
187
167   
183
178
177
165
194
151
189
168
175
171
158
176
172
168
163
172
170
172
207
176
173
173
169
194
159
196
174
185
172
170
192
169
154
163
185
169
169
176
159
156
152
174
194
175
172
188
147
