 554 
 579 
 576 
 534 
 594 
 603 
 733 
 890 
 1036 
 1311 
 1632 
 1749 
 1919 
 2000 
 1862 
 1672 
 1378 
 1128 
 837 
 754 
 644 
 676 
 644 
 652 
 697 
 684 
 687 
 764 
 747 
 792 
 746 
 838 
 812 
 775 
 818 
 872 
 792 
 836 
 870 
 887 
 814 
 847 
 824 
 901 
 874 
 898 
 875 
 867 
 897 
 952 
 994 
 937 
 865 
 874 
 901 
 944 
 974 
 906 
 960 
 1004 
 929 
 1001 
 1055 
 1022 
 964 
 1105 
 1162 
 1169 
 1222 
 1252 
 1352 
 1385 
 1483 
 1525 
 1437 
 1458 
 1423 
 1431 
 1438 
 1340 
 1330 
 1222 
 1240 
 1101 
 1116 
 1100 
 1087 
 1044 
 979 
 1001 
 943 
 892 
 900 
 902 
 865 
 863 
 872 
 837 
 836 
 808 
 819 
 864 
 794 
 779 
 801 
 795 
 770 
 734 
 781 
 765 
 762 
 786 
 751 
 774 
 793 
 748 
 741 
 756 
 734 
 756 
 717 
 765 
 744 
 741 
 726 
 772 
 812 
 739 
 750 
 791 
 724 
 737 
 780 
 786 
 702 
 732 
 820 
 735 
 733 
 769 
 792 
 786 
 809 
 749 
 792 
 825 
 811 
 767 
 854 
 817 
 799 
 817 
 801 
 767 
 758 
 769 
 766 
 665 
 734 
 698 
 644 
 591 
 581 
 615 
 518 
 530 
 432 
 409 
 435 
 359 
 336 
 319 
 293 
 263 
 254 
 220 
 216 
 195 
 168 
 184 
 167 
 180 
 130 
 135 
 152 
 135 
 119 
 127 
 126 
 109 
 105 
 104 
 126 
 103 
 113 
 121 
 103 
 117 
 129 
 150 
 153 
 168 
 217 
 205 
 256 
 276 
 300 
 394 
 422 
 435 
 538 
 575 
 671 
 781 
 875 
 916 
 1021 
 1127 
 1214 
 1269 
 1416 
 1499 
 1659 
 1716 
 1665 
 1795 
 1766 
 1774 
 1720 
 1747 
 1788 
 1497 
 1561 
 1431 
 1424 
 1262 
 1195 
 1046 
 924 
 865 
 734 
 609 
 591 
 487 
 409 
 365 
 293 
 246 
 208 
 178 
 144 
 112 
 86 
 72 
 69 
 53 
