 312 
 324 
 382 
 513 
 784 
 1204 
 1801 
 2423 
 2282 
 1530 
 951 
 673 
 480 
 343 
 330 
 279 
 317 
 320 
 323 
 348 
 353 
 356 
 396 
 377 
 428 
 456 
 443 
 447 
 448 
 446 
 483 
 443 
 492 
 453 
 466 
 470 
 477 
 467 
 493 
 510 
 485 
 495 
 494 
 489 
 514 
 554 
 520 
 550 
 523 
 558 
 556 
 527 
 491 
 554 
 536 
 506 
 527 
 504 
 543 
 535 
 546 
 515 
 542 
 594 
 601 
 677 
 653 
 727 
 707 
 710 
 746 
 722 
 687 
 638 
 713 
 617 
 636 
 609 
 666 
 540 
 570 
 608 
 561 
 557 
 547 
 542 
 493 
 552 
 501 
 580 
 511 
 531 
 486 
 434 
 438 
 515 
 457 
 496 
 446 
 493 
 435 
 467 
 445 
 414 
 420 
 407 
 397 
 425 
 412 
 431 
 446 
 406 
 378 
 373 
 425 
 416 
 416 
 423 
 427 
 394 
 415 
 420 
 378 
 391 
 385 
 379 
 405 
 394 
 381 
 406 
 404 
 412 
 370 
 416 
 438 
 406 
 407 
 419 
 405 
 418 
 387 
 398 
 403 
 421 
 377 
 388 
 395 
 390 
 403 
 425 
 410 
 377 
 383 
 379 
 380 
 384 
 362 
 340 
 331 
 308 
 308 
 255 
 267 
 256 
 198 
 191 
 183 
 173 
 175 
 158 
 118 
 153 
 111 
 113 
 122 
 97 
 90 
 89 
 103 
 70 
 98 
 66 
 84 
 66 
 67 
 51 
 64 
 62 
 58 
 55 
 52 
 55 
 64 
 48 
 47 
 55 
 77 
 57 
 70 
 57 
 67 
 88 
 77 
 80 
 87 
 88 
 108 
 139 
 148 
 195 
 236 
 285 
 303 
 476 
 511 
 669 
 807 
 981 
 1158 
 1426 
 1534 
 1832 
 2013 
 2130 
 2172 
 2358 
 2459 
 2458 
 2308 
 2151 
 2084 
 1914 
 1636 
 1429 
 1303 
 1019 
 817 
 690 
 518 
 406 
 263 
 217 
 170 
 103 
 70 
 66 
 40 
 24 
 19 
 7 
 9 
 7 
 8 
 7 
 11 
 6 
