 418 
 416 
 493 
 460 
 422 
 441 
 472 
 468 
 525 
 511 
 567 
 530 
 631 
 657 
 770 
 862 
 959 
 1009 
 1065 
 1111 
 1231 
 1418 
 1682 
 1843 
 2144 
 2223 
 2331 
 2625 
 3028 
 3176 
 3017 
 2862 
 2583 
 2480 
 2403 
 2289 
 2023 
 1886 
 1753 
 1681 
 1711 
 1730 
 1716 
 1621 
 1624 
 1600 
 1629 
 1564 
 1529 
 1606 
 1561 
 1603 
 1548 
 1560 
 1580 
 1522 
 1481 
 1533 
 1416 
 1459 
 1461 
 1462 
 1486 
 1548 
 1614 
 1614 
 1557 
 1539 
 1455 
 1364 
 1256 
 1188 
 1135 
 1047 
 1154 
 1017 
 1079 
 1051 
 1021 
 1096 
 1072 
 1134 
 1207 
 1194 
 1142 
 1160 
 1128 
 1125 
 963 
 964 
 944 
 893 
 870 
 832 
 868 
 899 
 873 
 976 
 970 
 1060 
 1055 
 1055 
 1098 
 1108 
 1027 
 927 
 854 
 747 
 703 
 682 
 633 
 624 
 632 
 647 
 691 
 808 
 849 
 957 
 1084 
 1125 
 1186 
 1181 
 1149 
 1045 
 933 
 842 
 745 
 630 
 523 
 462 
 423 
 360 
 324 
 292 
 302 
 324 
 315 
 297 
 262 
 276 
 264 
 254 
 266 
 256 
 230 
 226 
 210 
 238 
 213 
 222 
 264 
 185 
 205 
 191 
 198 
 205 
 197 
 229 
 191 
 197 
 201 
 185 
 209 
 213 
 175 
 211 
 209 
 181 
 181 
 174 
 162 
 156 
 189 
 199 
 156 
 182 
 183 
 179 
 167 
 155 
 168 
 169 
 185 
 176 
 165 
 178 
 171 
 133 
 173 
 145 
 183 
 180 
 181 
 228 
 252 
 261 
 273 
 353 
 402 
 391 
 441 
 520 
 526 
 517 
 498 
 554 
 560 
 481 
 410 
 421 
 393 
 319 
 270 
 261 
 207 
 195 
 165 
 149 
 137 
 129 
 109 
 111 
 124 
 105 
 103 
 126 
 104 
 115 
 86 
 100 
 109 
 81 
 97 
 113 
 86 
 95 
 106 
 98 
 89 
 114 
 109 
 94 
 87 
 97 
 100 
 117 
 108 
 114 
 92 
 123 
 96 
 109 
 94 
 118 
 123 
 123 
