90
94
82
78
110
83
98
101
73
83
76
100
78
100
79
86
81
93
82
75
91
85
72
78
82
92
96
94
86
102
85
101
85
82
74
96
79
74
83
90
81
75
78
78
103
71
82
84
97
93
91
87
95
105
77
93
67
85
100
95
86
82
78
94
94
77
82
94
79
89
94
81
84
91
78
92
87
84
102
85
93
92
76
81
79
71
77
105
93
84
72
85
87
94
81
88
116
90
65
81
76
89
88
93
84
108
73
81
76
84
84
78
106
80
77
80
83
90
89
89
86
81
79
80
101
77
92
84
87
74
88
75
71
77
79
92
81
93
79
96
82
89
78
82
85
87
92
87
89
68
56
86
85
107
77
102
74
81
86
82
93
79
75
89
80
95
83
97
89
79
75
74
84
82
89
85
86
96
100
96
99
87
81
85
94
81
76
82
82
75
91
84
103
94
95
90
85
89
90
68
81
84
72
91
105
80
68
82
67
78
77
77
75
95
95
102
72
93
84
68
93
84
71
86
86
83
82
96
82
86
79
77
96
90
91
71
83
81
97
85
